-0.30663870 1.15504192 -0.66240729 0.28428071 0.07579620 0.80631352 0.41860375 -0.24090075 -1.15965956 0.08886342
0.14886911 -1.48112537 0.73455559 -2.49454233 1.09519362 -0.99770737 0.75396601 1.02054499 1.58024986 -0.08055423
1.35886102 -0.23216991 -1.70233155 -0.68876823 0.02657055 1.11497568 -0.60566744 -0.36581999 0.88892640 0.42788151
-1.47230700 -1.35421064 0.72332150 1.76115520 -1.34460306 -0.08449665 -1.02314505 2.28323531 -0.81781130 0.90840559
-0.84222083 0.51139889 -1.30985849 1.28340851 -0.00762382 0.32969892 0.19363104 0.29313910 -1.25805087 -0.55791247
-0.51034608 0.74980901 1.41000300 -1.06305284 -1.06639026 -1.42947861 0.46981396 -0.71092278 0.60721998 0.65786791
1.20390617 -0.11810580 -0.02480824 -0.85555851 0.10097238 1.24617082 -0.34016538 -1.67373239 0.82251651 -1.05088637
1.30197389 -0.92701989 -0.10445092 -0.83100077 -1.05532326 -0.47471662 0.18416933 -1.86308015 -0.10724889 2.37939406
-0.58702982 0.89557321 -0.14643550 -0.95772157 3.62044373 -0.83692540 -1.82688774 0.48442078 0.17588310 -1.42690591
0.27869014 -0.36781679 -0.75536300 -0.06063536 0.29406635 3.04415288 -1.53322895 0.01903231 -0.78302524 -0.53253966
-0.66999665 0.04554734 -0.99976947 0.99657275 -0.64031428 0.48451185 0.72010705 0.10426492 0.59203040 -0.74186322
0.18502334 1.16430142 -0.27420514 -0.87321635 0.86803010 0.45025639 -0.07916706 0.99141342 -1.70687685 -0.23060677
0.91560611 -0.37210275 -0.13163866 -0.30766220 -0.04045226 0.78891956 -0.67506212 -0.40731600 -0.46683043 0.13050529
-0.10276302 -0.60650761 -3.10666588 1.49573301 1.23285056 -0.35241457 -0.22764101 0.32216326 -1.43834124 1.05003254
-0.69180711 -0.36380711 -0.72044490 0.26725525 -0.38679714 1.99555657 1.75317964 -0.12900336 -1.19632672 0.37471033
0.09242132 -0.72404781 -0.59628627 -0.26727966 0.82385583 1.29561764 -0.03850565 -0.95383287 0.86944827 -0.69340614
-1.48919256 1.05054097 1.25754838 -0.87189121 -0.81489360 -0.05713721 1.54202193 1.56885375 0.50877790 -1.93641667
0.71319695 -0.18484832 -0.60053959 0.33925963 -0.07779720 -0.47230171 -0.01000938 -0.45229239 -0.38076472 -0.01696389
-0.74679802 -0.25759577 1.46972275 1.40921220 0.30315996 0.20841162 -0.04087951 -1.27261422 2.01401850 -1.54233532
-0.72966728 0.23189761 1.38399541 1.04785062 -1.12798156 -1.01652953 0.01848148 -1.00528736 0.62464440 0.18891378
0.12676199 0.44573159 1.16941935 0.42409395 -0.05540082 -0.76108857 -0.90817675 -0.26594797 -0.63890118 0.15361824
-1.02268193 -0.29870005 0.19475739 0.86311519 0.68442957 1.58827295 -0.53760959 -0.54774888 0.55615516 -1.35116684
0.89072461 -1.71793129 0.11619432 -0.94330963 0.20150579 -0.28089717 0.45283161 -0.56212293 1.33989647 0.74070829
3.18290017 1.29951351 -0.24075674 -0.82161990 -0.69302942 -0.20263215 0.53986421 -0.37147462 -1.05568493 -1.48851132
0.45077220 -1.25662813 -0.89398311 -1.11817122 -0.99959827 2.16101047 1.22717788 1.33504065 -1.34051157 -0.38196057
-0.78027040 -0.97692959 -0.90843446 -0.03181910 -0.28515319 1.18178614 0.01270463 0.24508692 1.19892466 -0.85256363
0.17179398 -0.21415380 -0.13066211 0.24579348 1.59117352 0.55521828 -1.74461028 0.41317425 -0.80972838 1.25169081
-2.33831399 -0.87579199 2.01185883 0.19917033 0.03707305 -1.06941416 1.13973509 0.69073180 -1.71977369 0.36157379
-0.54369748 -0.20052923 0.09868622 1.53349549 0.47029078 -0.98655951 -0.72631111 -0.69944570 0.67028936 0.41018347
-0.76817684 -0.20449291 0.89853561 -0.52436568 -1.44942942 -0.45466780 0.03720845 2.05823303 0.59639050 -0.00858367
0.03445507 -0.18819943 -0.01097803 -1.03315902 1.83309969 0.63566638 0.97281229 -1.11648358 -0.09273003 -1.28503010
-0.93989071 -0.64369285 -1.58386874 -0.43860816 1.32880015 -0.21439569 -0.24670644 0.26204195 -0.85242264 2.05763405
-0.26569051 0.30541119 1.10253181 -0.22276490 -0.44243477 -0.30340116 -0.70218917 -0.00524308 -1.52862546 1.62850210
-0.96656644 0.20377996 -0.23994361 1.36919636 -0.42826445 -0.08033958 -0.40658746 0.35906523 1.38194487 0.19439004
0.57422893 -0.54899470 0.31551506 -0.51461984 -1.38523308 0.42350946 0.21106763 0.75383343 0.88392023 -1.47978944
0.22596516 -0.62667671 0.08666459 0.08965476 0.17891676 -1.92459880 -0.41000048 -0.09711923 1.37372059 0.36207207
1.67913610 -0.52007893 -1.34078362 2.85310057 -1.82093327 0.38018022 -0.73643624 0.61351936 -1.49939010 -0.67623228
0.07218137 0.98970668 -1.00128132 -0.81818586 0.22218907 -0.70447846 2.52179630 0.03418764 -0.61606136 -0.41618631
-1.00110192 1.56919732 -0.93701645 -0.49176402 -1.51234044 0.59472218 0.48853933 1.30651692 -0.26891812 0.42978959
-0.47039030 -1.03331400 0.57617158 0.59490419 -1.45796032 1.32539265 0.90512218 -1.76010292 -0.17993337 0.06049941
-0.15050507 -0.41649839 1.21088645 1.46657148 -0.00045576 0.84828046 0.25736704 -0.50255694 -0.47204737 -0.32377719
0.35561650 -0.52803332 -0.12681769 -1.15125850 0.28739140 -0.06027006 -0.21930532 0.88246509 -0.50730242 0.38515352
-0.09138138 -0.04469803 -0.55937641 1.37155319 -0.87734640 -0.28390046 -0.43585058 0.19794217 0.43518402 0.72970283
-0.22249331 -0.86635458 -2.27723086 -0.12581301 1.73878412 2.32909362 -0.78343541 -0.49348592 -0.47372724 0.23785853
1.30201488 -0.66633623 0.39688698 1.64425976 -1.84709662 -0.69587469 0.93734218 1.01230394 -0.08087708 -1.09701088
1.25900276 0.43294429 1.26198940 0.05416126 -1.11175358 0.15063220 -0.21073489 0.12503192 -0.15939487 -0.80918866
-0.82998503 1.55192322 0.65300052 -0.23967937 -0.72718592 0.10619519 -1.02368218 0.23995929 -0.78191189 1.54187882
-1.45310955 -0.12477911 -2.05312474 0.76719538 0.47255778 -0.04395060 -0.39506669 0.21704223 0.78879309 0.79111857
-0.78100581 0.28621922 0.35278455 -2.30610897 1.21662187 -0.93312828 -1.02765043 -0.47524515 0.95683335 2.08027650
0.09435498 0.95631036 0.38274795 1.69127530 -0.11542702 -0.86483746 0.14399572 0.07341213 -0.64764487 -0.92301802
0.31713951 -1.02754323 -0.17556294 -0.01551270 -1.63440814 -1.06433370 -0.31299872 1.61017898 1.28860001 -0.51110977
-0.27047456 -0.15507745 -0.65031631 -0.46984763 0.76239236 -0.60687295 -0.35101904 0.66273036 0.32043530 0.73267803
0.22844113 -1.09103060 1.50241658 -0.02511303 -1.50773455 -0.40637599 0.63598415 -0.97004162 0.63490452 0.36500712
-1.01755594 0.55855655 -0.39931904 1.29671702 -0.61421879 0.46675190 -0.76775699 0.88919159 1.02710752 -0.58318606
-0.06320778 0.48366223 0.25322859 0.24731479 0.40271768 -0.93269499 0.01639585 0.19652874 0.45866852 -0.98426603
0.20267249 0.36734411 -3.70245875 -1.22622706 0.59904150 1.12823673 1.19017321 -0.86279359 -0.32255697 1.81084788
-0.80874353 0.41957201 0.79030022 1.09556422 0.93565085 -1.39538924 0.06710211 -0.70581152 1.18884279 -1.47232360
-0.08211352 -0.50861996 0.07220674 -0.79253397 0.65972880 -0.26766048 1.10688489 -0.24706010 0.07735425 0.13694226
0.13859763 1.13638839 -0.65859167 -2.11385717 0.89820936 -1.18154715 0.76813401 0.00421877 0.74888035 0.22170715
-0.75192450 1.64882293 0.03734423 -0.35926164 1.47469233 -0.55403317 -0.15884772 0.49165567 -0.58095220 -0.87553597
0.51911745 -0.88788469 0.22948381 -0.02185475 1.00849527 -0.79964483 -2.08903055 0.68711888 1.40278517 -0.46110274
-0.67971202 -0.58211409 0.12188405 0.17281589 -2.18856067 0.76136138 0.28889909 -0.36050001 1.14448148 0.97025630
1.11281299 -0.09427677 1.66086659 0.18386577 -0.04901019 -1.35285788 -0.55295733 -0.43777833 -0.31072332 -0.24515653
0.55594673 0.79655703 0.21353104 1.76758062 -0.04043972 -0.69501325 1.07044761 0.55454815 -2.76571681 -2.07559634
-0.29749848 0.99175400 -0.52011624 -0.10227069 -0.77552838 0.50176180 1.18518633 -2.41733091 1.15757514 -0.03632182
0.04776699 -0.14985826 0.11117403 -0.81267452 0.14336468 0.02874240 -0.90894571 1.11413244 0.94586245 -1.02965286
-0.81659408 2.18855874 -1.53695869 -0.48299595 0.01799075 -0.33699902 2.26170499 0.93983931 -0.94864281 -1.27177735
-0.51407173 -0.69983855 -0.29739849 0.13433354 1.45740670 -1.77431596 -0.95818090 -1.15210935 1.52229775 1.52290218
0.14181791 0.59657977 -0.31425349 1.61747640 -1.22645184 0.69533051 -0.83536519 1.74425368 0.04839883 -0.96499714
0.03277685 -0.23515833 1.68760750 -1.70443215 -1.66156406 1.05347092 0.02380879 -1.48454732 0.63164147 0.60557138
0.82092400 -0.72849214 0.61860307 0.84401428 -2.29365994 0.91428943 0.51983092 -0.94592404 0.85777909 -1.18340898
-0.15680254 0.46907758 0.51504034 -0.59934306 -0.03261814 0.13935301 0.87122260 0.17180416 0.00318956 -0.79759198
1.35272445 0.42754558 0.70942444 -0.31512225 -0.55084875 -2.16311899 -0.15386838 0.43255712 1.00335641 0.02950168
-0.86079245 0.72652917 -0.91495994 0.01991875 0.50557684 0.46987195 -1.55179086 1.15396560 1.29544436 -0.38919719
0.99230203 -0.45561784 -2.74914547 1.45550700 1.44826092 -0.90595723 0.48466213 1.17485731 -1.08223639 -0.36258330
1.18096199 0.23044784 0.52103763 -0.72664683 0.26625504 -1.11982727 1.98815296 -0.53163957 -1.44384132 -0.91762232
0.43529334 -0.66602688 -0.07157433 -0.14730333 -0.64668583 0.77289197 -0.26829328 0.82533919 0.28104084 0.35150752
-0.84615797 -0.24451273 0.47923217 0.13098306 0.00910181 1.00505384 -1.38219742 1.39642123 0.78052781 -0.75709871
0.64565542 0.59198731 -1.39981549 -1.52464825 0.38806136 0.28244506 -0.40824172 0.22410366 0.80728911 0.99319466
0.36972816 -2.54932926 0.86724146 0.66979255 0.65547456 0.23465070 -1.88019081 0.23370515 0.38084300 0.97617940
-0.79462301 0.69167178 0.65722981 -0.10687792 -0.53107247 -0.28972578 -2.24160041 -0.76583413 2.13465967 0.53700360
0.74053421 -0.56218961 -0.54720596 0.37321388 -0.49529581 -2.56104303 1.30431001 -0.60510533 0.08489451 1.82443380
-0.90754876 0.06279419 -0.55263426 0.43596908 0.84212708 0.08642444 -1.12196134 0.16610741 0.84442169 0.40560229
-1.97329455 -0.63650269 -1.24484591 1.20743353 1.70973599 1.25475377 -0.19067714 -3.12332862 1.48550713 1.37953123
0.97868730 -0.55749279 1.09412663 -0.04165515 1.30532170 0.57709428 -1.03337503 0.66176805 -1.60889089 -0.92722721
0.90638039 -0.74718594 0.01887263 0.03459636 -0.19234779 -0.44075510 -0.57794387 -0.99573841 0.99063412 0.82518201
1.69720288 0.56299464 -0.21011100 0.86883421 -2.85841578 -0.56329233 1.57654267 -1.16751269 0.04433317 0.61179018
0.36149559 1.08284911 1.79382914 -0.63343950 -0.05033730 -1.45218163 0.27198812 -1.26144464 -0.26327659 0.40780605
0.84156377 -1.31705885 0.69687332 -0.39714796 0.19169704 -0.57284410 1.23948026 -1.86620722 1.33275818 -0.35476363
1.39127479 -0.12347362 0.64653167 0.62687815 -0.28432267 0.00557564 -0.40579044 -0.60146332 -1.39098967 -0.57669730
0.22656617 -0.10218721 -2.51686246 -0.26027567 0.01546514 2.03785972 1.16993935 0.43076406 -0.40001852 1.08804117
-0.46770673 0.47024496 -1.03515594 1.23701164 1.19765970 0.46213034 0.47370293 0.35351151 -0.27893194 -1.00302772
0.27564042 1.03121828 1.26629219 0.85959052 -0.67488611 0.59419946 1.10641914 -1.61732031 -2.36666223 -1.45221020
0.12341431 -1.03462363 -0.77964180 2.24321736 -0.05705362 1.03536835 -0.31783043 -0.56053158 -0.61555198 -0.80345303
-0.85832444 0.52392436 0.06807370 0.80327674 -1.09037869 0.00469885 -0.45345122 -1.05035820 -0.62572239 1.55873347
-0.63612472 0.00568139 -1.09338653 -0.95289486 0.82217287 0.20939569 0.29606630 0.40305435 -0.28449137 0.80021588
-0.98004259 1.35065014 -0.85257632 -0.41769015 2.06684872 -0.42074725 0.48809624 -0.35250148 0.65800066 -0.26058739
0.48941530 -0.04608668 3.12700219 0.62793948 -1.30569035 -0.66898165 -1.23114991 1.04728901 -0.88939975 -1.33778228
-0.39520871 0.39396565 -0.00397107 0.78441234 -2.14407467 -0.10491017 -0.25119853 -1.82518003 0.50251274 2.92944338
-0.61485738 1.39493097 0.18930302 2.57476974 -0.02793163 0.00518002 -0.50247539 -0.17451028 -0.71884892 -0.50246965
-0.00712054 -0.40327504 -1.82406757 -0.68724554 -0.11895408 1.90777350 -0.42401374 0.62877029 0.28860066 -0.04103555
1.22373105 0.05263959 1.12136357 -1.02486880 0.83883270 0.51158586 0.59504039 -1.83219436 -0.02874947 0.00192503
-0.79293272 0.82681945 -2.07326344 1.29912927 1.27712387 0.27557072 -0.13575330 -0.16325405 -1.25532024 0.62622432
0.00992834 1.11513120 -0.87549504 1.35397334 -0.84103878 -0.00123157 -1.17830459 -0.30057679 0.41057963 0.50923019
-0.58412082 -0.08592559 0.27251618 1.55107801 -0.93669683 -0.86933825 0.03435141 0.76924160 -0.13045118 -1.52169528
-0.10563684 0.10084700 -0.59704957 0.50011095 -1.65466081 -0.35285807 0.31465495 0.98498189 0.86718195 0.30464557
-0.51612585 -0.17770821 -0.13173069 -1.92126506 1.36433786 -0.27347711 -0.11531567 -0.00941890 0.64214942 -0.40103913
-0.36391758 -0.17287586 -0.05974434 0.18290878 0.32049664 0.69997362 -0.03561448 -1.20700261 0.14989554 -0.20174924
0.26850717 -0.47936849 1.20706409 0.09390147 -1.05784935 -0.16720891 1.26697990 -1.53956819 -1.40144739 1.16133808
1.07168263 0.56588103 0.74233046 -0.73088748 1.37337558 -1.77499273 1.31625156 -0.34920279 -1.58612864 0.39159562
1.34427866 -1.85242363 0.97063167 0.03080736 0.28389355 0.59033112 -0.25706543 -0.36474591 -0.30221228 -0.36093911
0.07361606 -0.55754865 -0.05299128 -0.07678754 0.00457422 1.30016457 0.00220766 -0.25550611 0.86578766 -0.16106803
-0.04900703 0.76883281 0.75880520 1.13401299 -0.36504393 -0.86898078 0.00247086 -0.53672243 0.51101750 -0.11416524
-0.47846489 -0.78980527 0.11120225 -0.27404417 1.69489374 0.83576195 -0.08556971 1.31281224 -2.19382120 0.97691602
0.06177380 -0.13936243 -1.11366352 -0.19515613 -1.43583231 1.17830124 0.38685379 -1.15610687 0.82938072 1.27836393
-0.08329134 0.68538784 0.01292806 -0.96138998 0.18255154 0.19414599 -0.14953316 -0.64152793 1.04783775 0.56368561
0.54924758 -0.25610491 -0.02688765 0.07019806 0.73451508 0.01464887 0.56844470 0.04755451 -1.23894051 -0.94123360
-0.25511361 0.81925409 -0.67350186 -1.00305923 0.89099112 0.29256900 0.08177693 -0.63549718 -0.91144679 0.10008786
1.36139100 -0.05712006 1.10660003 -0.07331618 -0.65295246 -1.46752567 0.95730624 -1.37039102 0.65363888 -1.00721063
-0.00350735 -0.51280039 1.95415389 -0.46313385 -0.38668573 0.23949195 0.23240923 -0.78264043 -0.24472894 -0.56363401
-0.07097014 1.06655952 -0.79455430 -0.44434754 -0.23968084 0.23478249 0.79275430 -0.35973830 -0.06894110 0.77064899
0.52736363 0.32768565 -0.21257303 -0.52584867 -0.04319956 -0.54052506 0.52095240 1.09127296 -1.24162828 -0.59915378
-0.70822543 -0.51831332 -0.86347154 -0.21720899 2.11691465 -0.90090288 1.37519796 -0.43182551 0.34959894 0.94266924
0.92453299 1.11967119 0.36138410 1.25497497 3.00704653 -2.34057961 -1.36377875 -0.31815733 -0.25394331 -1.14639569
-0.44631948 -0.31572702 0.00713182 -0.57110395 0.21952575 0.57662310 -0.45902656 0.67419977 0.01303918 0.05199182
0.01511396 0.51657479 0.82291024 -1.82010970 -1.36284848 1.71723037 0.61938456 0.90973994 -0.00063261 -0.49457526
-0.51404621 -0.59039666 -1.33481250 -0.20598661 0.66390167 1.12668573 0.02129322 -1.78290949 0.43443292 1.94489677
-0.67071180 0.87107349 -0.51065344 0.38471216 -0.20500296 -1.68182366 1.03281595 -0.60982280 0.19903785 1.49296633
1.98572893 0.78975439 1.41215356 0.16274548 0.01104025 -0.00533094 -0.67948531 -0.77674283 -0.35670848 -1.98619777
-0.17581834 -1.56939809 0.71830009 0.89987487 0.46826096 -0.30340828 -0.13308476 0.60901337 0.16848741 -1.14729216
1.40580785 0.92914815 -0.75969287 0.40760542 -0.57391487 0.86759930 -1.18353621 1.93743155 -2.39594578 -0.11544965
0.86325083 0.32590277 -1.35123024 -0.93704407 0.22931485 1.52504087 0.36262683 0.32335620 -0.69230415 0.06090644
2.35830426 -1.15484171 0.33758745 0.01112606 0.63685965 -0.83742469 -0.28112255 -0.67317195 0.36389247 -0.50379068
-1.14138156 -0.05800709 -1.10339433 -0.24188871 -2.04381488 2.02856450 1.27481355 -0.03749355 -1.10768209 0.61065093
0.10600251 0.39312958 -1.34715519 0.34180901 -0.03760455 1.01038690 -0.35652991 -0.78508125 -0.94293005 1.56085549
0.11935021 -1.23174651 -0.13961595 -0.75038092 0.23766150 0.80360246 -0.67722431 1.37258623 -0.70395228 0.80268195
0.90179150 -1.29876931 -0.19138161 -2.33693026 0.36100187 0.61302573 1.62895110 -0.03504067 1.31946123 -0.45042972
0.75841442 -0.57175967 0.59016667 0.56090085 -1.38365772 -1.23487051 0.22048060 -1.24504561 1.02995002 0.54366595
-0.34693632 -0.10127789 -0.33752980 -0.08013526 0.48336344 -1.97518305 0.57561046 1.23963574 0.31029798 -0.09817491
0.39537849 1.20403779 1.20347503 0.76829413 -0.92531528 -1.33596082 -0.25562447 -1.56246799 -0.82954184 0.79232833
0.12350908 -0.54588347 -0.04583130 -0.15826595 -1.25428247 0.35970771 -0.47793945 -0.84906604 1.13728360 1.84548402
-0.58952599 -0.23973421 -1.77640525 -0.82874864 1.95883409 0.65228324 -0.48500997 0.58037522 0.36413218 0.09825564
1.48555566 -1.51343144 -1.51479453 -0.57290032 -2.48833993 2.35927860 0.13356058 0.76860789 1.17773489 1.30280379
-0.71313162 0.57932714 -2.15115265 0.49975882 0.68037420 0.08254137 -2.42417695 0.62808717 -0.55399432 1.19081061
-0.36051526 -0.75076253 -0.58270675 1.08971337 -0.98306672 1.30122034 0.06767260 0.20673639 0.05084446 0.75029225
-0.29311991 1.17560370 0.75274433 1.28541158 0.09283927 -1.84163216 -0.87952879 2.18973141 0.02934241 -1.30492333
-0.18959308 1.09667127 1.75172942 0.06505053 -0.42846157 0.16218687 0.10183080 -1.52826178 0.36388045 -1.45917326
-0.04272389 -0.37606134 -0.12541316 0.32783138 -0.65781801 0.36837673 0.72764885 0.41082159 -1.12972624 -0.06648907
-0.11076436 1.03189837 -1.59063126 -0.30147680 -0.44968891 -0.42504009 0.04420426 1.81129807 0.69176556 -0.91157424
0.88597097 -1.04489330 -0.41209206 -0.90918350 -1.59323164 0.35970301 -0.09034690 0.47639370 0.81477421 0.70703355
-0.43621187 -1.85578484 -1.92216783 1.77421097 0.03455244 0.59876166 -1.15557095 -0.10328612 1.36122416 1.45203232
0.29412394 0.42686912 0.81288286 0.27639068 -0.83036821 -1.69994962 -0.67822415 1.03029887 0.32274253 -0.39929121
0.52134792 2.08769966 -1.15388681 -1.32631693 0.20872947 -0.18733505 0.53317682 -0.26899365 0.61832860 -0.34597239
-0.28603443 0.13591619 -0.72008034 1.16549608 -1.30994604 2.57839949 0.95926287 -0.58930254 -0.72017881 -1.30438629
-0.21193260 0.20700508 0.02669955 1.15460509 0.57849359 -0.62740380 0.45098798 -1.12473674 -0.35072853 0.33205761
0.52211671 -0.14156469 -0.22635375 -0.06923790 0.13951424 -0.08576441 -0.75245338 -1.80087503 -0.10765306 2.54148931
1.24785580 -1.10734468 -0.31277429 -0.52606249 0.94948498 -0.31808313 2.70548726 -1.83877183 0.61643953 -0.84100195
-0.44244005 0.05225406 -1.47662174 1.37491248 -1.45773780 0.97362856 -0.16902872 0.61159990 0.68749280 0.19944517
-0.17205059 -0.69614825 -2.02930909 1.23315063 0.59439860 0.57451638 0.28702466 0.62571712 -0.36463759 -0.23957555
-0.07003188 0.14113640 0.05970792 -0.80548936 0.97999114 0.65768991 -0.16766160 1.64091580 -1.10932038 -0.87924119
-0.36127677 0.55680514 0.65694852 1.63642272 0.57374710 -0.69898967 -0.92505056 -1.08315265 -0.68585344 1.13833421
0.95037144 -0.63578386 -0.65758982 0.62170368 -0.23847821 0.43787002 0.89175644 -0.15156181 -0.52377904 0.36379542
-0.91895375 0.66947070 0.04830016 1.17470955 -0.82003126 -1.67780586 0.58097598 -0.11205613 0.31644300 1.67326906
0.66355295 -0.29057298 0.61188325 -0.30803778 1.00607408 -0.90346284 0.55690506 -0.99286549 0.04713409 0.23863626
-0.73145085 -0.41283116 -2.14435953 -0.39229088 -1.07312597 0.83572703 0.89823387 1.10299510 0.84739665 0.05420454
0.60446428 -0.46225946 -0.15288864 -0.82951339 -0.55481543 1.63871727 0.83488930 -0.48385394 -1.87258000 2.30110934
0.39940520 -0.31935667 0.72910125 0.26065963 -0.57123635 1.32841188 -0.43210419 -1.33565374 0.12213696 -0.67969236
-0.31677777 -0.22145863 1.83956636 0.76911698 0.40531200 -0.61855777 -0.88959810 -1.45251039 1.39513920 -0.13035448
-0.25080193 -0.39858856 1.66741968 -0.15124957 0.42543738 -1.67778862 -0.15772692 0.70466084 0.75428512 -0.38719837
-0.67397105 -0.24915718 -0.02749867 0.33216086 -0.44487475 1.48689595 1.35736119 -0.98709505 -0.03113925 -1.04386590
-0.07511949 -0.08662265 -0.80154219 -0.60049063 2.15837522 -0.48373613 0.37208153 0.07721440 0.61911127 -0.69432283
1.01423907 -0.45900240 0.97322486 0.98019964 -1.78412899 -0.90265123 0.04222513 0.16793624 0.71445119 -1.00344735
-0.70334674 -0.39934434 1.34894938 0.83687421 1.11230800 -0.53534256 -0.44551090 0.38203990 -1.03220891 0.32266291
-0.04755943 0.20297449 -0.93890840 -1.22099241 1.75242247 -1.29423604 1.36337471 0.23877281 -0.63382427 -0.24138989
0.19256120 0.15798970 0.37882349 -0.15763531 -0.22601654 0.43458909 -0.20937198 -0.82424733 -0.59314130 1.53835098
-0.03087906 0.44680589 -1.49381764 0.00537642 -0.02906767 -0.39230237 0.88226987 1.17522150 -1.38183993 0.58333625
-0.94766553 -0.43253445 0.31447916 -0.15855700 -0.12710005 -0.29790401 -0.03314633 -0.92149656 0.06587713 0.68638239
1.52792657 -1.11315690 -1.35892524 0.28829450 0.23566745 1.64257286 -0.63202814 -0.14608387 0.45793222 0.62019142
1.32311704 -0.61143877 1.24564248 -0.42541723 -0.60305992 -0.20276058 -0.17012162 -0.86142332 0.91181887 -0.72050887
0.93710190 -1.15374384 -0.06967783 -0.19156682 0.69057657 1.23100493 0.18542263 0.43997656 -0.94957516 -1.47504031
0.35828803 -0.23143985 2.37973819 0.48908711 -1.14253860 -0.95119876 -0.04842676 -0.54454524 0.11692673 -0.02419704
-0.83943042 -0.29575400 0.70677924 -0.28007036 -0.08681027 -0.99037154 -0.60577119 -0.46544012 0.15084781 1.70710183
1.51473560 0.70567245 -0.79357242 0.04545179 -0.45702721 -0.40061478 -0.48993146 -0.33138960 0.28908064 -0.35386360
-0.50362606 0.33748293 0.69736868 -0.83440051 -0.76701079 0.15846196 1.29968428 -0.49748530 0.33259705 1.33387132
-0.86761195 -1.13894031 0.71663993 0.56462991 0.18801278 0.00741469 0.21907544 -0.11192691 2.47711350 -1.18669638
0.46012817 -0.28297730 1.43090229 1.62807480 -2.12212924 -0.62386875 -1.71304479 -1.70207835 -0.16387023 2.18993066
0.91034430 0.61866505 0.94876203 0.16680657 -1.02027155 -0.68208279 0.53285698 0.59817380 -0.85213405 -0.83003904
-0.02445654 -0.17694764 0.52895274 1.41071299 -0.81143119 -0.27999604 0.59296033 0.45865068 -0.60330316 -0.78216177
0.18005618 -0.78056917 0.33164534 -0.04569664 -0.57224099 1.41745766 -0.00140315 -1.77457246 0.40776434 -0.41451085
-1.31424251 -0.75425300 0.21725075 -1.43489859 1.47609429 -1.49538338 -0.59563383 0.55875355 0.19262244 1.23052033
0.11424837 -0.00729700 -0.10598334 -1.29571279 0.06297295 0.41710584 0.83287358 0.11331384 -0.23950399 0.08342303
0.10773519 -1.84939256 -0.96427879 -2.06884360 1.33241589 -0.11401896 0.72060027 -0.40394413 2.87495852 -0.71915315
-0.73375288 1.27066035 -1.31677072 1.44487868 1.09399320 0.06697130 0.02655949 -0.24982320 0.05877871 -1.68954013
0.05138344 0.43816037 1.25369068 -0.56548201 -0.23739667 -0.51989919 -0.05229348 -0.37206504 0.41910553 -0.17319035
0.91879072 -0.86552146 1.38957171 1.31072710 -2.24116583 -1.07624197 -0.31858346 -0.87235063 0.46297020 2.01734102
-0.36774075 -0.50205430 0.38424824 0.26790904 -0.59890548 1.10617503 -0.66621925 -0.47891355 1.15089027 -0.09430119
0.29708564 -1.62981038 -0.93574216 -0.93712671 1.37647027 -0.71300154 0.75411421 0.14432796 0.41311958 0.53963285
0.37523391 0.62201695 -1.17353639 0.12629192 0.83541346 0.07653144 -0.50654991 0.76042562 -0.07158604 0.15409193
-0.65638562 -0.66610672 1.20312359 0.39821947 -1.02247737 0.93606875 -0.13362398 -1.74736526 1.02229138 0.11132526
1.18384369 -0.64693613 -0.65995796 -0.44372923 -0.16378713 0.66827703 -0.06741894 -0.55101997 0.98414412 -0.91585083
1.19478182 -0.06019787 -0.10465822 -1.53369048 -0.87867093 0.92412252 0.93275501 -0.08707201 -1.03021611 0.19796108
0.22134240 1.17415693 -0.10422783 0.04358345 -0.99558142 -0.59110817 -0.06711975 0.94183002 0.35933961 -1.38321473
1.54237348 -0.14985275 0.32422436 -0.29830954 0.38260388 0.07509266 -0.40027993 -0.11503159 -0.38014539 -0.94010933
-0.11277463 -0.98328990 -0.34730125 -0.15351451 -1.90902774 0.97023890 -1.33415610 0.01387215 2.03493567 0.35134389
0.63736096 0.59584396 0.63665504 -0.58441889 0.77019315 -1.16624187 0.57816713 -0.54115873 0.56113183 -1.64344752
0.20917001 -0.83735423 0.53627106 -0.90830913 0.76230621 -0.73903592 1.32651883 1.11804513 -0.81325198 -0.71223269
0.23432429 0.05683105 0.52856320 -0.72509356 0.10313201 0.11954324 -0.69005425 1.14489078 1.37606233 -2.52333398
0.22751918 -0.46826456 0.49939985 -0.55151816 1.56185523 -0.03779502 -0.22423040 -1.58719530 0.96110269 -0.45164292
-0.35448836 -1.75523887 -0.92438181 0.61443122 0.14602586 0.85902093 -1.04155058 1.08141149 -0.24939552 1.66630650
0.44913141 0.97087064 -1.04869486 0.10991761 1.24715111 -0.70331887 -0.46409398 -0.10492798 -0.73239491 -0.90847660
0.09314728 -1.01594603 0.34225617 1.31305183 -1.55179004 -1.02197632 1.14321919 1.03129214 1.35216504 -0.70952995
-0.01359824 0.13210795 0.78961862 -0.65780770 0.22320844 -0.75980418 0.46672048 0.18191476 -0.32345563 -1.26135259
0.71515067 0.56858248 1.40765426 -0.83702179 -0.74760433 -1.34234491 -0.65547191 1.95890133 -0.51395418 0.23694425
1.82514160 1.47461550 0.73542688 -0.59017276 0.11830187 0.16028461 -0.66763924 -0.31870684 -1.52103166 -1.35892697
0.31291291 -0.89461617 0.04235663 -1.41555010 1.06611892 -0.20128919 1.47067176 -1.43998702 1.25757580 0.46773731
1.56181858 -0.66931624 0.58823928 -0.35465811 -0.27827152 -1.40047911 0.36341534 -0.39293073 -0.32105660 1.48203536
1.23076287 -0.96234218 -0.26336504 -0.49888542 1.28463975 1.14032962 -0.17935960 -0.13074387 -0.75629486 -0.53028597
0.68104748 -1.53517773 -1.41380541 0.23891286 0.46527856 -1.10776805 0.79933727 -1.48637930 1.61822850 0.62877095
0.26201105 -1.49716726 1.35568163 -0.49762843 -0.44780191 0.40795094 -1.02142130 -0.38431089 0.80116241 1.12049536
-0.24684127 0.65275784 -0.59181830 -0.38263207 0.06329348 0.27733583 1.34972705 -0.88764572 -0.72195978 -1.00408395
0.02635910 1.80644353 -0.94638919 -0.57194635 -1.15367057 0.38013881 0.26195637 2.44404825 -1.23096972 0.09366026
-1.00497223 -0.46736584 0.78004308 0.58714112 0.31946873 -1.20893505 -1.06658451 0.57169790 -0.09889431 0.45045744
-0.57501328 0.66864200 -0.06897325 -1.63704736 0.17149230 0.81865994 0.41816238 -0.07297965 0.21879666 0.80913186
-0.49355510 -0.97039093 0.00127975 0.29400130 -0.64190797 1.86304775 -0.98829948 -0.30323330 2.03753919 -0.56071350
-1.16959850 0.15864760 -0.07485924 0.79413850 -0.35918465 -0.17313436 -0.58303845 1.40499166 0.15519953 0.81207440
0.92997323 0.95378935 1.33420137 0.09045328 -0.01593279 -2.31531081 0.23060385 0.36075302 -0.30160854 -0.73216665
-0.00775300 -0.13491213 1.23794181 0.92050957 -0.09374464 -0.39442307 0.14434183 -0.08646747 -1.19596573 -0.92266232
0.68474715 -0.52381271 -0.56482771 0.56235595 -0.58468810 -0.39353996 -0.49662208 -0.55472859 1.06069765 -0.16930490
-0.98015536 1.15703690 0.18104664 1.15189650 0.95712316 0.17575800 -0.16159017 -0.55792236 -0.92311274 -1.07587481
0.37231398 1.20841516 -2.04983037 -2.08377386 1.15312697 -0.91192763 1.61742426 -0.95035683 0.99377509 0.42626008
0.59812454 0.36582873 -2.85674385 -0.84530994 0.28012842 3.09493207 0.15404560 -1.15349945 0.01520431 0.03702276
-0.12120355 0.66123708 0.80441053 0.36709630 0.76414912 -0.26594674 -0.70421749 -0.21082244 -0.30892657 -0.55893773
-0.65587891 -1.13727005 -1.61525954 0.93091560 0.54798902 1.39242355 0.23778357 -0.21182704 -0.50797612 1.03584297
-0.32715150 -1.06103946 -0.03853635 -0.09484423 -0.78303546 0.77935144 0.27223801 -0.46870570 0.93690889 1.01732320
0.20332938 -0.50388718 -0.18239446 -1.07650479 -0.84386788 -0.97455457 0.09410606 1.39996689 1.75543008 -0.47683480
-0.22362486 1.64198519 -1.72079031 -0.33554476 -0.65851246 -0.10826991 0.95599258 0.38900383 -0.88856731 -0.50319950
1.27607364 0.34572121 -0.92471113 -1.52685435 0.09436421 -1.32288522 1.15532575 -0.26643345 0.63077431 0.03446383
0.21102999 -0.80924541 -0.35186698 0.30759642 1.26857532 0.62140612 -0.81553006 -0.39751684 0.86155911 0.00015643
0.01770575 -0.37215791 -0.49733533 0.75914545 -0.64420885 0.31780701 0.90788216 -0.57961638 -0.51214900 0.21114786
-0.36629585 0.71100376 -0.40523119 0.77694827 1.42928167 -0.67874943 -1.05559641 -1.07133925 0.02860454 -0.62559205
0.01926791 -0.58134950 0.64586759 -0.24019448 0.53629447 -1.05739967 0.79894219 -0.71979024 0.18435602 -0.04467112
0.30585659 0.83434815 -1.14757962 0.06026284 0.81686756 -0.71488125 -0.56962683 1.87179042 0.00510708 -0.14866180
-0.42391458 0.95400082 1.46375396 0.65142830 -0.54396630 1.33884789 0.88971169 -1.31049572 -0.46818281 -0.68665205
-1.66620862 -0.47545123 -1.98430324 -1.05849818 1.56024299 0.99620827 -0.29763034 0.93849101 -1.53472382 2.90579999
1.44304830 -0.69252435 -0.58147846 0.36424544 0.63772391 -1.57540853 1.05150534 -0.33924211 -0.31130379 -0.48196285
-1.06877015 0.16842805 1.91018096 2.27247650 -0.15104171 0.47180803 -0.96564489 -1.13668604 -0.43525420 -0.57909060
-0.90537161 0.38969028 0.04803618 0.61645764 0.75520242 1.40263518 -0.57989548 -0.11666683 -0.57287429 -2.04679337
0.18956900 -0.03554300 0.14219407 -0.39657143 -0.11435541 -1.37240813 0.47921899 -0.10052278 1.88342573 -0.44297572
0.00868088 -0.55031084 -0.57088739 -1.33014141 0.95966958 1.09272273 -0.72266973 -0.02280296 1.09489161 0.13262017
0.94132764 -0.68418301 -0.17146668 0.71739678 -0.17381447 -0.34111158 -0.02615398 -0.72108799 0.78680034 -0.66399233
-0.14409843 1.04943499 -0.37308268 1.00815459 -1.06815350 -0.84463907 0.12285375 0.97342603 -1.41767306 0.34083065
-0.01768511 -0.60365999 0.56020611 -0.60659385 0.27079974 -0.48933829 0.64209625 0.58749006 0.10330470 0.51638316
-0.61086561 0.24981568 -0.66072905 -0.23602408 -1.20467953 1.02548330 1.00398302 0.59788977 -0.65795969 0.76084601
-0.54316095 1.22795683 -1.01609813 0.34845415 0.23620805 0.05913292 -0.61900320 -0.26656083 -0.73992038 0.68425636
-0.32718445 0.10181042 -0.90386790 -0.95970225 0.38144220 0.82439679 0.37183531 0.23139784 -0.39232751 1.03801497
1.20446509 1.21638075 -0.17705117 0.26883181 0.00972692 -0.84538008 0.12884694 0.45004904 -0.82429701 -0.48903451
-0.07494313 1.34275982 -1.10120835 -1.38060525 0.20217582 -1.17640967 0.87264951 1.50113569 -0.67802352 0.54490059
-0.05815433 0.41575821 -0.78140741 0.32816053 -1.47519146 0.44577758 0.38210580 0.21545173 0.60773560 -0.18806386
-0.80182961 -0.12528519 -0.98825796 -0.16446887 -0.18298968 1.04633817 -0.49624375 0.51375148 0.71023815 0.10165884
-0.45923880 -0.00193261 0.38959999 -1.29795633 -1.51293568 -0.58401547 0.58964049 0.19451962 0.48661917 0.73396747
-1.06329585 -0.42446805 1.21676460 0.09168049 0.57583815 -0.68130967 0.52264134 -0.53303946 0.41589949 0.41850561
-0.33244774 1.29720718 -0.05789844 -0.17578606 -0.48638332 0.90051701 0.15653503 -0.61803764 0.60579997 -0.44693011
-1.44155472 0.37132070 0.29983942 -0.90760203 0.65263562 0.68526158 -0.40714387 0.11474386 -0.13843316 0.15145982
-0.31198552 -0.16750822 0.09473287 0.54047829 -0.53671830 -1.07349662 -0.72409028 1.32071526 -0.11494341 0.77908643
0.79443843 0.20593864 -0.37325674 0.48651920 -0.95808020 -0.64886583 -1.03880002 1.21286535 1.79318819 -1.29356622
0.43974382 -0.54180566 2.09821335 -1.02426479 1.48708179 -1.50780583 0.20077081 -0.87507198 1.15532671 -0.55851110
0.30694955 0.18390305 0.59505244 -0.25611538 0.92047020 -1.06181705 -0.53625842 1.43660149 0.42623698 -1.34844250
-0.37816838 0.66614543 0.77657729 -0.71381713 -0.94312192 0.24020985 -0.41268223 1.58459851 -1.00255098 0.13695059
-1.00976538 -0.25158139 -1.14441031 1.84569896 0.02757757 1.37967504 -1.11796229 -0.47262979 0.37362443 1.16040618
0.59425378 -0.81549485 1.37738020 -0.51497894 -0.38011759 -1.64089585 0.56708422 -0.72800020 0.39194092 0.70713026
-0.35493791 -0.68063139 0.18558151 0.03894467 -0.21307543 0.89061651 -0.29377949 -0.29679968 0.72920213 0.26845142
-0.15326209 0.44414123 -0.06027340 -1.26273691 0.73535418 -0.25084579 -0.12065780 0.31568410 -0.45477705 0.71505983
0.97362720 2.27418673 -0.44770954 -1.90689067 1.39783887 0.68086254 -0.39718549 -1.55729179 -0.38844414 -1.54080269
-0.09738778 0.57113130 -0.93594135 -0.27965315 0.01656407 0.67481532 -1.70595637 0.87558793 0.95933345 -0.59749393
-0.03855836 1.62862244 -1.07126387 1.73479858 1.17578340 0.11950407 1.30284169 -0.01643375 -2.23530960 -2.54792283
-0.28994965 -1.83643562 -1.78434463 -0.96224186 1.25207793 1.39594843 -0.20997845 0.80325229 2.07422786 -0.75156255
0.61786986 0.07869380 0.76086262 0.52245976 0.10138863 1.60546212 -0.64117583 -1.10602659 -1.07801999 -0.02530511
-0.36675591 0.19281749 0.06950783 -0.04892846 -0.09335387 0.03659955 1.41170312 0.81015865 -0.01360057 -0.54495426
-2.23230873 -1.15319164 1.87818439 1.14419546 -0.27618971 0.67092543 0.61381360 -0.31953354 -0.19583973 0.56013350
0.24461738 -0.45257115 -0.88131415 0.17710405 0.59958112 0.57181411 0.24134811 -0.13242033 0.17086954 -0.31290617
0.63291284 -0.80194375 -0.05896550 -1.21319063 0.48563584 -0.56791672 -0.58668095 -0.05571423 2.27568193 -0.68339292
-0.54750682 1.02069420 -0.20541814 -0.91451548 1.09844768 -1.78536317 0.61719254 -0.55104854 -0.11380881 1.57392716
-0.25688669 -0.85679848 -0.76983418 -1.28409777 0.60543438 0.88638914 -0.75175869 -0.10646981 1.79330564 0.36816216
-0.54198355 0.37739896 -1.38587731 -1.07316646 0.88340298 1.85781721 -0.26268821 1.72257261 0.44949997 -0.18686298
0.20153491 -0.79760861 0.51055509 -0.23168230 -1.12047695 2.73248463 -0.30964842 -0.54020990 0.05468783 -0.61490940
-0.27264428 -0.12606488 -0.83382016 -0.02868015 -0.14333709 1.03346597 -0.04271365 -0.01583472 -0.02680744 1.67404605
-0.76264733 -0.52359902 -0.94956074 -0.73339557 0.71087252 -0.08727199 -0.00302884 0.87015174 -0.44351173 1.42712499
0.60394620 0.00853661 0.12658939 -2.02322425 -0.11091923 0.54596734 -0.79138271 0.38570248 -1.49076986 1.09543639
-0.30884992 -0.06805788 1.50836953 -0.02871853 -0.63762697 1.89005525 -1.27159966 -0.42936306 0.78734238 -0.26028358
-0.56086556 -0.92772813 -0.66221257 0.00484650 -0.09823666 -0.33555321 0.32693869 0.03469447 1.23994219 -1.07613558
-1.52668912 -0.46318816 0.69136135 0.05426163 0.18154894 0.85671253 -0.18599566 -1.59742774 0.80373810 0.41986766
0.69878973 -0.30459665 -0.48325043 1.74917279 -0.90537017 -0.12999317 1.06973830 0.31348321 -0.85000010 -0.18224911
1.28133081 -0.12988144 -0.91142250 0.08855147 -0.11289701 -0.31388318 0.41986722 -0.24981276 -1.81080120 1.23008226
-0.27200782 0.04195859 -0.65874230 -1.06962267 0.07170811 -0.06514504 0.80784049 -0.61864992 1.22761057 0.75681943
-0.50066305 0.47909510 -0.06566174 0.02557452 -0.40970450 1.97081881 -0.62696611 -0.48802592 0.02020060 -0.60835852
-0.52743129 0.00190953 -0.25524290 -0.36483479 1.53309261 -0.87247554 1.10220294 0.98293564 0.35239861 -0.69708708
0.96654027 1.11225463 0.16542835 -2.90781659 -0.35500667 0.13063550 0.64926805 1.02128659 -0.52060053 -0.10628232
-0.50679885 0.00846248 -0.36909888 -0.78401982 0.38556136 -0.87446167 -0.33318325 1.94698063 -1.93876157 2.24351403
-0.41241325 -0.80523527 0.38017137 1.37878239 -0.01325638 -1.17563442 0.26156730 1.68896954 -2.27659448 0.01005598
0.66165754 -0.94019809 -0.19829375 -0.40272271 -0.58887080 0.57748899 0.06746407 -0.25903321 1.27219413 -0.51697971
-1.91742069 0.87403517 -1.06526194 0.00973839 1.35572085 -0.71434592 2.51985122 1.13429531 -1.07665695 -1.04368211
-1.15273969 -0.00343070 -1.32675252 0.37158440 1.44738750 1.05248499 -1.19131260 -0.66321808 0.60629588 0.99862694
-0.09676034 -0.36834305 -0.09247315 1.25094076 -1.73701726 -0.02465983 -0.48294655 0.19100606 0.58436438 -0.39498631
1.00770562 -0.13730633 1.72652397 0.08377813 -0.17550271 -1.26823140 0.07706580 0.62884854 -1.85652937 -0.15085880
0.96553584 -0.67191480 1.70011437 1.64107016 -0.51171526 -0.73135791 0.03917976 0.17476210 -0.75764159 -2.14285182
-0.40428137 -0.43072478 0.34717922 -0.25960451 -0.86044359 -0.06361690 -0.62328836 0.52202247 -0.27307922 1.11731602
1.13858265 -0.96885101 -0.34718041 1.24304426 -1.24884631 2.35836336 -1.49909872 1.64473794 -0.84502502 -0.31380924
0.22603191 -0.56172957 1.09158332 -0.74928276 0.78988405 -0.54071644 0.63598288 0.14207998 0.71873523 -0.90837207
1.08356113 -0.33690761 0.11637210 0.13603765 -0.42023955 -0.06684183 -0.33462207 -0.06986585 0.34349331 -0.29037172
-0.26473603 0.35442735 -0.33772223 0.51178003 -1.25748946 -0.14240975 0.16657673 0.43188535 0.66208081 0.43919926
-0.94999711 1.22233431 1.72421510 0.06732702 -2.18753832 1.11012314 -0.42140170 -0.24582932 -1.32097941 0.34985654
0.00966689 -0.47775656 0.22205853 -2.52792584 -0.64841918 -0.96104804 1.11266314 -0.09115602 2.25362249 1.18560078
0.26978990 -0.58522513 0.20926778 0.01803973 -1.60246091 0.85653549 -0.00595191 -0.79669229 0.23609334 0.53876762
-0.35992442 -0.00759442 1.44017492 0.09327515 -2.00440120 0.10721413 -1.05504492 0.20355755 0.15619903 1.81861588
-0.94595026 1.00998245 -0.33793861 -0.67466749 0.88645629 0.41861874 -0.88722893 0.54811585 -0.97059999 0.86222029
0.31943637 0.85976731 1.81069019 -0.73914183 -1.17800736 1.40779957 1.23621342 -1.27329968 0.11988770 -0.72825120
0.72936117 -1.00840286 1.04932202 0.32137395 -2.26843508 0.68683793 -0.60940054 1.03909242 0.25840881 -0.36606330
-0.82220379 -0.29247092 0.91583641 0.79943893 1.30753369 -1.85940530 1.57861340 0.13737426 -0.53245484 -1.15127232
0.36616300 0.69022887 0.01586131 -0.18314732 0.74053431 0.43320518 -0.70043374 0.27255595 -0.10331624 -0.93671157
-0.28753675 0.17611410 1.64385393 -0.13935920 0.57534980 0.75382359 0.83190975 -2.03249330 -2.23227685 -0.65097640
-0.45736758 0.29190679 1.54972619 0.40013198 0.16531008 -1.58969891 1.77930353 0.65858223 -1.94556719 -0.15090548
0.01118799 1.54428943 -0.30307236 0.62916857 -1.25750551 0.22336932 0.79542130 1.16090943 -0.19769858 -2.04650448
0.48891925 -0.26840388 -1.35967894 -0.52462080 0.18484747 -0.40985144 1.14904783 -0.73797940 1.38791102 0.45383455
0.57478047 0.58622893 0.81689504 1.45296653 -1.85410720 0.46532324 0.14104522 2.33052542 -2.09574380 -2.58078139
1.51479349 1.67339661 -2.78114795 0.23088737 0.17109331 0.40333009 -1.32821925 2.90787537 -0.97982220 -0.72616668
-0.37679860 -0.58319954 -0.01556550 0.86751556 -0.42987816 -0.53483112 0.99753854 0.50899824 0.05575043 -1.47703919
-0.72634629 1.13660109 0.62345437 -0.57372773 -0.05951288 -0.53430743 -1.28991848 0.41505711 0.83810252 0.44412312
-0.15579346 -0.80731859 -1.03934050 -1.53672608 0.79124858 -0.12221545 -0.75722430 -0.00013977 1.29030642 0.73221789
0.64778358 -0.05586464 -0.38453674 -0.25064639 -0.38734170 0.63095686 -0.19149929 0.18775126 0.51469740 -1.41205565
-0.95065989 -0.28169934 -1.27407368 0.67140878 0.83572323 0.58744492 0.76207421 -0.66627168 -0.61811332 0.14826764
0.42944045 -0.18552346 1.16886884 0.25405879 -1.53817746 -0.55478222 -0.41079006 -0.31107518 1.15706649 0.70851511
-0.89585967 -0.24736664 -0.81257451 0.48100517 0.69168212 -1.49664251 -0.18501013 1.18273147 0.83474771 0.65962519
-0.39089178 0.49516641 -0.33713873 -0.10611865 0.41916204 -0.02704084 0.48914411 -1.32039928 1.07611040 -0.15240283
-0.43188850 -1.12751106 -0.36800210 -0.09468657 -0.82722766 -0.40311359 -0.31735850 1.65196463 0.54524886 0.54409698
-0.40290733 0.13470231 1.61835355 1.12360426 0.46067577 -1.64011381 -1.80113138 0.64132648 -0.59694223 0.31516663
0.50429700 -0.23280571 -0.69988604 -1.50537000 0.05682692 -0.16737601 2.07997331 -0.87314707 -0.21197681 0.83094878
0.39249064 1.40163858 1.01122424 -0.69801111 0.50544275 -2.39666780 0.91541965 -0.69035388 -0.54175629 1.90809977
-0.06541694 0.08070771 0.33273565 0.32105849 -0.54289948 -0.82803156 0.22249862 -0.64778868 0.65019315 0.11158889
-1.56731391 -0.02772784 -2.76020948 -1.33533848 1.38586166 1.17983641 0.18687345 0.24127151 0.31842504 2.11818469
-1.01230732 0.61423170 2.13187396 0.35255764 0.82788974 -0.15058739 -0.20956836 0.04882366 -1.77494984 -1.25228018
0.63001648 1.25872860 1.10502901 -1.09702145 0.25461977 0.21368400 0.39837724 1.65998108 -2.15513521 -1.74564025
0.69223579 0.02233704 1.38561060 0.98239881 -1.61174788 -3.04366084 0.49012304 -0.03421964 -0.68582617 1.21901548
-1.79724012 -0.70677142 0.00348594 1.34310665 0.05061748 0.02169491 -0.54402041 0.38841674 0.36629744 0.41637392
1.09783830 0.76825852 -0.15063177 0.47751227 -0.84230511 2.27504721 -0.71714146 -1.31722982 -2.43944468 1.05451765
0.36474263 -0.06146351 -0.12839156 -0.96131235 0.32966105 -1.53083089 1.46591350 1.24150789 -0.20596421 -0.17622555
-0.05786484 0.32068922 0.65787985 -0.33219898 0.09162734 0.23583198 0.52112843 -0.81130172 1.84132594 -1.83506009
0.30770390 -1.42076132 0.32557938 0.66336491 -0.47703173 0.67141324 -0.16959437 -1.57994694 1.40802479 0.29046174
0.22622937 0.01292705 0.33658381 0.14436038 1.71894279 -0.89769464 -0.69935175 1.81022571 -1.46349483 -1.09325138
0.07556112 -0.82006053 0.17382264 0.66561264 -0.57934055 0.77633853 -0.38616152 -0.74466734 -0.21469421 1.28322246
0.00565024 1.43414016 -0.30136563 1.20211204 -1.37376503 -1.47154779 -1.39133673 -0.13069358 0.73797063 0.80422876
1.41381168 0.66736220 0.15055940 0.67643064 -1.06008065 -0.52450705 0.32727486 -0.50045218 0.03120828 -0.36722151
-0.05155446 -0.04149321 -0.74654123 0.16931777 -1.67922676 0.32619317 0.72301316 -0.52684567 0.03142624 1.32419367
-1.52294764 0.67594341 1.10915155 1.18290684 -0.24225891 0.24657099 -0.71701291 -0.18592156 -0.87266035 0.39817876
1.93712403 -1.43096483 -0.26433946 -1.10365168 0.03636350 0.89382295 -0.07497118 0.66495318 -0.56483690 -0.80777230
0.65988237 0.77964369 -0.07086869 -0.18568048 0.84139693 -0.05324450 1.81207921 0.44679883 -1.91133333 -2.52661156
-0.93379712 0.25308824 0.64294753 -0.11735675 -1.24975334 -1.34099933 0.44231577 -0.15689265 0.62376448 0.71638819
0.23042826 -0.56603452 1.14960349 0.45853505 0.90023771 -0.82209523 -0.93335277 1.37292152 -0.92742373 -0.70300683
0.26998644 0.51924101 -1.14305323 -0.33168309 0.44564649 0.30162991 2.15421658 -0.18405587 -0.24137795 -1.22080014
0.22078625 -1.29067461 -1.20729750 -0.87803519 2.58710954 -2.03038863 -0.22175502 2.18956063 -0.18087443 0.20328540
1.03082284 1.13909141 0.18846819 0.80765857 0.45570752 0.12319798 -0.46337500 -0.67961463 -1.59509239 -0.81819658
0.97567863 -0.09631925 0.61034982 -0.81735220 1.23976306 -0.36754183 -0.09011189 -0.65014225 -2.61614377 1.28269424
0.93210377 1.06129913 1.22792156 -1.02166208 -2.32696260 1.30876407 0.13390016 2.67395470 -0.79815808 -3.29793081
-1.10291088 0.48644020 -0.16529705 -0.06467300 -0.83144858 1.73451012 -0.29232672 2.30347051 0.47727610 -0.69639547
-1.50779401 -0.67056135 -1.05113507 -0.27945478 -0.09374694 -0.03219763 -0.59849109 0.15853861 1.71852426 1.12343312
0.01937941 -0.84853019 0.18599032 0.54181459 0.47103549 0.81533970 -1.16320655 -2.14640617 0.75506549 0.34005930
0.47258734 0.14160963 0.03560833 2.73169448 -0.92753521 -0.98464197 -0.57356920 -1.50220975 -1.03785389 1.38461346
-0.54198446 -1.21817867 -0.03751176 -0.61986884 0.30645163 -0.07976830 1.20269630 -0.53144161 0.56338332 0.36947122
0.73945379 0.49702003 -0.24637901 1.81182621 0.78755542 0.08237867 -0.44480138 -0.76924013 -1.01585056 -1.67294910
1.06829996 -0.65200177 0.05784920 -0.19614912 0.34418617 1.76756315 -0.07444607 -2.50021999 -0.30038288 -0.97617684
-0.04676970 0.26414343 2.15414842 -1.25186305 -0.81087730 0.77996864 1.77520990 0.07588641 0.77274795 -1.87070735
1.61489011 -0.14586283 1.63304992 -1.64356573 0.85681596 -1.78637536 0.12330280 -0.61230269 -1.34187131 0.09136401
-0.22163657 -0.29774988 1.39253786 0.61431949 -0.77057111 -1.31199484 -0.80890218 0.88918812 -0.03498963 1.73528760
0.64006416 -0.41060099 -0.48376513 -1.21739713 0.65221031 -0.19836701 -0.66673503 0.98670735 1.02869196 -0.19678452
1.88465872 -0.98979633 1.48940408 0.21313389 -0.41353648 -0.20553871 0.04855819 -0.47030497 -1.06408631 -0.11194039
-0.00877627 0.18144065 -1.10540487 -1.32257228 -0.85180740 1.95125779 0.36605834 -0.43441509 0.10242472 1.45747738
-1.31702506 0.08236950 -0.77021528 -0.23041465 0.74101394 0.16712235 1.07239131 1.60726302 0.78424912 -1.92442432
-0.59246170 -1.35359148 1.57911720 0.69432126 -2.02926906 1.02576037 -0.00183033 -0.52602409 0.84582987 0.12752758
0.03176194 0.05894547 -0.37538888 -0.61235572 -0.39902654 0.50547833 -1.74964884 0.97450339 0.59752897 0.11467493
0.61340183 -1.39432459 -0.75752668 0.41492663 -0.45518198 -0.96911475 -0.87356812 -0.96269833 1.30609109 2.31468674
0.33576517 0.49346515 -1.49558866 0.99557648 -0.93971850 -0.96277698 -0.17886752 0.42543902 -0.83466861 1.97497051
0.27839929 -0.13965393 1.70335665 0.57527324 -0.24835679 -0.37603806 -0.21980781 0.08061713 0.39230030 -1.50213380
-0.46754190 0.82873672 -0.83877045 -1.71539740 0.69148887 0.13723674 1.52156024 -1.13576608 2.12589559 -0.41757631
-0.69725448 1.99349609 -1.49023451 -1.16843532 0.41761443 0.60109871 0.08931316 0.40027585 -1.42272143 0.42262110
0.52489210 0.12102438 1.42472516 -1.59524604 -0.23054889 -1.45721725 1.00475497 -1.07217551 2.01710044 -0.78893590
0.14472141 0.33903157 0.45740882 1.80043664 -0.25851251 -2.46917723 -0.55886066 -0.52871597 0.03340186 0.93365182
-0.17238085 -0.63465217 0.51752246 0.33797090 -0.36858507 0.96302837 -0.62344271 -1.01747317 -0.91610111 0.96892174
0.16322061 1.15076418 -2.25410313 -0.63732979 -0.57824989 -0.12480659 0.66157355 0.50514569 -0.10806713 1.10709623
-1.61737755 0.89038531 0.28719682 0.65781153 -0.25379953 0.91440578 -0.15781998 -0.51324667 -0.11525644 0.39601602
-0.90998946 1.94043868 0.12446045 0.86654792 -0.07203286 -0.64991809 -0.23186550 -1.37800513 0.82867704 -0.88476817
0.98811579 -0.04928645 0.23692894 -0.98694883 0.94345717 0.88376244 0.26312040 -1.57376448 1.29872752 -0.47244113
-0.21451697 -0.62484825 0.74769370 1.60952962 -2.67767046 0.21225315 0.08707723 -0.44771183 0.19863268 0.92309403
1.18708510 2.15715579 0.00525139 -0.39058482 -0.63645486 -0.75583521 -0.19646797 0.00094234 0.49481447 -0.11190880
0.27335985 0.25400700 1.09055645 0.66391148 0.27896497 1.19511739 -0.43532728 -1.47681398 -0.59029928 -2.16541746
-0.39731385 2.01905083 1.06376236 1.32944740 -1.24972014 0.33907693 -0.93380665 0.40568177 -0.19148069 -1.69909903
0.19314593 -0.23591013 0.04066463 0.78363233 0.39356109 0.31729505 -2.00687112 0.58981090 -1.69297096 0.50682893
0.76444122 -0.68094152 -0.64109836 0.27816435 0.83421091 -0.00023314 0.09559311 -0.54649317 -1.45058517 0.58792044
-0.07788484 0.73554074 0.41533913 1.63298433 0.57665062 0.52514897 -0.70169843 -1.05885694 0.13938538 -1.39421512
0.90457291 0.11718954 -0.89659665 0.72338996 0.30139188 -0.61995101 -0.23385126 -0.22331029 -0.22164402 0.42243386
0.01905746 -0.46329890 -0.32937553 -0.71245764 1.14194477 0.47545500 0.03791351 -1.03637153 -0.26508346 2.30098061
-0.19919936 -0.08741876 -1.55437564 1.11107981 -0.84017117 1.20773300 -0.47295051 0.47880543 0.06815712 0.00922855
-0.02573396 0.80811358 -0.51117988 -0.11006990 0.31428980 -0.38031175 0.71695554 0.77832595 -0.61880547 -1.28927500
0.15882368 -0.11474470 0.75180532 0.18320488 -0.67547587 -0.49843923 1.59983355 -0.57797905 1.30329548 -1.90543285
-0.16349623 1.85055535 -0.09455083 -1.04805782 -1.19602050 -0.77005855 0.58046852 0.45859643 -0.62368327 0.95812055
-1.15903006 0.22346100 -0.31122252 0.47928236 -1.41449420 0.00845528 1.31511548 0.13945271 0.38396330 0.78081709
-0.62208499 1.03665665 -1.38288113 1.94116692 0.67593976 1.16094710 -1.34463955 -1.23135854 0.37171249 0.09635856
-0.29674368 -1.35385479 0.32534014 0.81627437 0.44869989 -0.11406519 0.29565225 0.62974670 -2.52687245 1.09208294
-0.63855949 1.79259183 1.49427648 -1.71795960 0.45267554 -0.04452285 0.58317545 -0.51554116 0.79462759 -1.37150772
0.09494023 0.03387062 0.84205151 -0.62342461 0.50974985 -0.04770687 0.72534745 -1.37805445 -0.32178600 1.83716852
-1.12186474 0.07249293 -0.03315928 -2.46613922 -0.68862736 0.16171749 -0.01955412 -0.03125978 1.59268468 0.80860159
0.06272645 1.81647304 2.08611593 0.53329021 0.47264564 -0.75093637 0.03799261 -1.08355530 -0.63127027 -0.97661705
0.23278195 0.70392503 -1.01385931 0.43339383 0.15665408 -0.18876454 0.44114011 0.32349877 -0.43335701 -1.37051042
0.07225025 1.26532876 0.64465790 0.00658472 -0.46505857 0.44854965 -2.17659026 -0.07999334 -1.03062240 1.35492644
-0.11396107 0.32781555 1.03659707 2.21214535 -0.60283038 -2.12779333 1.62691587 0.41098397 0.54575864 -1.19772315
-1.13275044 0.58404888 -0.39458968 1.86076756 0.59774281 -0.40592094 0.85970063 0.30287290 -0.04390095 -1.66968581
0.68580080 -0.29640192 0.13056721 -2.39879274 -1.01503837 2.01924491 -1.61146562 2.19078989 -0.49615903 0.82985153
-0.48078152 2.17795518 -0.19166253 0.36662166 1.69496657 -1.61821773 0.03222008 2.44960021 -2.86605674 -1.03036881
-1.17961935 0.33031917 -0.20315690 -1.41988563 0.50165685 0.91300242 0.07688308 -0.25482418 -0.22012918 1.06764481
0.49376636 -0.64158971 -0.39951234 -0.40901547 1.66541216 -0.90950122 -0.25078393 0.30612345 -0.02194431 -0.34397049
0.63118153 0.30010334 -1.62203269 0.90983851 -1.76639966 0.89407334 -0.32529218 0.20552943 0.28039611 0.80493167
0.96961388 -0.10183539 -0.08282301 -0.70021824 -2.12302403 2.24102631 0.74160845 -0.23410234 -0.00106398 -0.19117265
0.79235444 0.70789818 -0.01929847 -0.60832310 0.92719940 1.67127260 -0.25087333 -0.99368675 1.01363791 -1.83220082
0.03546988 -0.48342553 0.40336365 -1.02907390 0.31088810 -0.00435279 -0.62042923 0.37678842 -0.51467220 1.84277730
-1.18356746 0.07291415 2.01816751 0.24092220 0.26263478 -1.07391557 -0.45255751 -0.29002153 0.00675400 1.71726123
1.83458702 -0.48793273 0.27319278 -1.03814169 -0.11934920 -2.21522839 0.60726449 0.89524417 -0.23042748 0.67163463
-0.49074399 -0.48695995 1.22019483 1.11588436 0.30038229 -0.15688421 0.17172354 0.93810480 -0.58207695 -1.82974716
-1.04647917 -0.92068254 -0.75207084 0.52294341 -0.66995211 1.40746041 0.36173116 -0.01966532 0.69205989 1.50273730
0.42998529 -0.32981287 -0.29458495 -1.11930430 1.03113020 -1.80177467 1.09685426 1.28986684 0.90489884 -0.02784054
-1.17940366 1.20169054 0.62261591 -0.29831851 0.11182521 1.97785094 -1.88711893 -0.10697114 -1.60689749 0.41186395
-0.59621847 -1.21396232 0.88732952 -0.00699306 0.15837749 -1.46248586 0.05042266 2.90907950 0.06368231 -1.24954836
0.02864572 -0.73879259 1.06208486 0.56480411 -0.06017656 -1.86279987 0.95472211 0.06712608 -1.97599579 1.45790514
0.10802748 1.17308703 -0.00316744 0.14674471 -0.70760915 -0.37776752 -1.48297440 0.44752724 -1.17620784 0.60058696
-0.06042320 -0.94552412 0.81568032 1.39834441 0.33140691 -1.82527823 0.36998653 0.69405421 0.12225547 -0.68977191
0.32572070 0.11335264 0.97382411 0.34964239 1.74072084 -1.79561010 -0.58428486 -0.22607995 0.95075916 -0.08106248
0.74411564 0.06250194 1.11711145 -1.00175158 0.30795102 -1.20393481 -0.65248760 0.15767168 1.26456309 -0.12689265
-0.74520901 0.83676577 -1.16446572 -0.54899213 0.22521783 -0.05387097 0.57140212 -0.11250988 0.04438454 0.56213661
0.39944535 -0.22842239 0.61955191 -0.48244011 -1.26771794 1.66397354 -0.03636259 0.59140992 -0.26346050 -0.22396826
-0.24536742 0.26236615 -0.62644212 0.97826415 0.22243725 -0.89840453 0.07724039 0.31699953 0.32120279 0.31073964
-2.31173396 -0.45279547 -0.07823704 1.19977637 1.71319715 -0.37550208 -1.04339058 0.96734811 -0.14631565 0.05750229
-0.77322013 -0.18212420 0.11551527 1.99260004 0.25312264 0.83550979 -1.07265284 -0.51886851 -0.14189181 -0.32976549
0.62965357 -0.03093441 -1.59963671 -1.28851548 0.45876877 0.40803494 -0.58329662 1.33827635 -0.07617749 0.56804165
-0.02899271 0.42643638 -1.18912175 -0.06148849 -1.13261364 0.99956105 0.88259643 -0.32476717 -0.63242800 2.05599098
-0.77796736 0.42988604 2.89217397 -2.14239600 -0.29167040 0.70373720 -0.34137274 -0.18762389 -0.15558076 0.45214830
0.10805269 -0.73706296 -0.72869237 0.54497879 0.06751362 1.12836128 0.20351090 -0.44740452 0.12233732 -0.18020348
-0.86542386 -1.19362540 -0.88177365 2.10388394 -0.16854838 0.68667485 -1.23189447 2.25585408 -1.40818948 0.13746948
-1.41161299 -0.66363537 1.62845451 1.14581524 0.64805503 -1.33566233 0.14031791 0.78946675 0.29834957 -0.77880134
0.26555792 -0.81567807 0.45141348 2.40655817 -1.80889505 0.04692226 1.13489445 0.03716505 1.54819907 -1.78377837
1.24028414 -1.61435608 2.39002280 0.27494964 -0.54954476 -1.47332952 0.73571367 -0.06622053 -1.48126288 -0.25421650
-0.41784715 -1.53253851 0.41360683 0.27484508 0.37239049 -0.13582598 -0.63443513 -0.26673369 -0.40858196 2.73771007
-1.44057799 0.37841897 0.14690877 1.57456627 0.11080827 0.80838265 -2.00245431 1.28417363 -0.37831429 -0.48699844
0.49900412 -0.40028070 0.08589913 -0.30935009 -0.44956105 -0.60207737 -0.08103677 -0.53355673 2.21111087 -0.02472372
-0.13130778 -1.20185471 0.89466688 1.11885175 1.85840490 -1.12744778 0.23860344 -0.98267618 1.03548333 -0.94286378
-0.39169521 -1.27362502 -0.36589646 1.13091541 0.50426926 -1.29581848 -0.28806937 -0.20609535 0.94384290 2.00211862
0.00101196 0.48466841 -0.17441667 0.11231801 0.87737939 -0.47701362 1.09717454 -0.42241161 0.20664480 -0.95821655
-0.00759221 0.61360254 -0.39749571 -1.12168609 -0.72630297 -0.62286525 0.49141512 1.30692409 -0.08468494 0.56252369
0.62786569 0.87881364 0.09282165 -0.62041355 2.30513390 0.39447153 -1.13587288 0.16905974 0.28517469 -2.56611355
0.63386410 0.43904130 1.42486441 0.32873013 -1.24482049 2.04092068 0.14705272 -1.80498945 -2.19795604 0.18376021
-2.00723906 1.16423133 -0.42138039 0.04089935 0.25118150 -1.43398675 1.41661204 1.55564455 -0.79964304 0.31048080
0.57322291 -0.45974736 -0.33628563 -0.48337331 2.14974333 0.18170556 1.18848627 -1.83410828 0.11683286 -0.47080700
0.39008119 0.04062775 -1.89617490 0.49162983 0.23147286 1.61873797 0.09367580 -0.20048586 0.17634326 -1.58784241
-0.35678648 -0.54642564 -0.92844884 -0.54090008 0.15006959 2.34900594 -1.87353079 -0.88890166 1.73722508 0.83329699
1.83322169 0.26237351 -0.36523491 0.23188307 1.06297384 -2.58062476 0.66127122 -0.78133066 -0.56473707 0.42399312
-0.50695395 0.24964567 0.83132031 0.39019375 0.58952626 -0.38341669 -0.46026571 -0.03632099 -0.45593472 0.00524224
-1.93491194 0.28034051 0.64159602 -1.03439435 0.96355220 1.60122967 0.93695446 0.16457060 0.47834812 -0.83639170
-1.29925614 0.53750557 0.58691268 0.74703562 0.10634050 -0.01734401 -1.22391274 1.32048062 -0.44236009 -0.52308605
-0.26625267 2.00637169 -0.68525758 0.54560674 0.77215361 0.03925415 0.85092027 0.04476453 -1.40758552 -1.10976993
-0.41308772 0.18202998 0.27409265 1.29636391 0.10769988 -2.17294393 -0.58712312 3.18855235 0.35273298 -2.00960878
-0.62960968 0.49254344 1.17840449 -1.25937745 2.09941057 -1.61185078 -0.44066850 0.53849860 -1.58462229 0.87456310
-0.47989437 0.73067093 1.67244102 -0.70601730 -0.49084149 -1.13506972 -0.15907610 -0.40157697 0.74819597 -0.05512500
0.17009857 -0.19086975 -0.66225700 -1.54742959 1.11004834 -0.65468898 0.53705903 0.94260814 -0.39963937 1.06672659
0.27348010 -0.22131619 -0.76170003 -1.81493395 -0.20147329 3.02706484 0.11703183 1.89910211 -0.41677306 -1.65540902
1.38030663 0.01922937 0.54061320 -1.32523736 -0.28183941 1.34327947 -0.35946479 0.67189501 -2.32740115 -0.06931477
-0.26818192 0.37922517 -1.61780994 -0.40870123 0.42432157 0.63941861 -1.13591988 -0.60769299 0.53322776 2.16153125
-0.50541159 0.00827875 -1.43553386 1.18453683 -0.03412916 -0.25777890 -0.85782834 -0.21963896 0.05594265 1.00805495
-1.36143166 0.38151048 -0.46277494 -0.20884927 2.56297075 0.36408985 0.16493585 0.43627336 -0.43570502 0.23923935
0.30070275 -1.22124585 -0.08718265 0.26537951 -0.00133608 -1.87796670 0.88011497 1.24006676 0.36220861 0.30442478
1.12105708 -0.54164572 0.52542512 0.44117029 0.68235833 -1.39435707 1.21921653 0.53009677 -0.25786469 -0.81851967
-1.77611077 -0.78140485 0.36796638 -0.48798092 -0.14539037 1.10336507 0.49024321 -0.18827786 1.01793028 -0.18461506
-0.24238164 1.36695661 -0.70678880 -1.12919905 -2.38444438 5.08582130 -1.39970513 0.51576917 -2.60077078 1.71414514
-0.16635204 -0.14658119 0.09303744 0.36876928 0.11854415 -1.21908502 -1.06132967 1.27081472 1.00714085 -1.15759356
1.07500973 0.33398949 -0.41160976 -0.29844509 0.34675477 -0.50922583 -1.62430730 1.70986008 0.23913351 -0.91255551
-1.57472464 -1.01293834 2.86874752 2.09290492 1.09832098 -0.90306205 -2.36253428 0.88741691 -2.01740393 1.04191415
-1.13343449 -0.08796221 -0.85021558 -1.06312941 0.92673524 1.49941327 1.61558990 -1.52037470 -0.71497405 -0.20875567
-0.62568446 0.74835907 0.23430462 -0.24777167 -0.44271274 -1.04902514 -0.86881338 0.79449946 1.10609476 -0.27358028
-0.25601281 0.23791438 -0.25967876 0.47129866 0.45495180 -1.24461138 0.59832847 1.27216205 0.03118331 -1.78536300
0.56403707 0.09511729 -0.19861305 0.51230092 -0.56117181 -0.24950604 0.98704402 0.29792141 -0.18297904 -0.41651861
-0.46154090 -0.07216193 1.00186607 -3.24414820 0.75286653 0.94074869 -0.60696427 0.73016195 0.31268200 0.42748149
0.56038486 1.05695778 1.03350490 0.01946093 0.43135867 -0.43418330 0.14567157 1.81295913 -1.33936187 -1.84829970
0.40967875 1.27984583 0.55112727 -0.70332669 -2.19454263 0.46837810 -1.18313213 1.50580483 -0.98878880 1.47294483
-0.43776466 0.93902355 1.85167128 0.48116137 -1.37342598 0.39276050 -1.04528363 3.59013800 -0.87973415 -2.78088452
-0.27797090 0.96169502 -1.23116441 -1.09339865 0.97823608 1.17635293 -1.15302016 0.31811799 -0.32359687 1.61111743
-0.00167230 0.97448078 0.07277969 -1.33738065 -0.89484065 0.60722365 0.82159384 1.24322646 -0.77652582 -0.38738445
-0.92712548 1.56146947 -0.12771387 -0.79584701 1.12337157 1.01213124 -0.16477347 -1.65982883 0.99909908 -1.60108481
-0.47757081 -0.96639313 -1.20186749 1.62804405 -0.10281090 0.44566866 0.06249365 -0.71235791 0.32288732 1.30641788
-0.10060612 0.53925424 -0.03675316 -1.43284792 -0.07910949 0.27452799 0.50460714 -0.07532117 0.12967244 -0.63111272
-0.81643662 0.55846266 -0.03987292 0.72044710 0.45238438 0.94112259 -0.87283268 0.15392058 -1.31504076 -0.29917367
-0.76673058 1.14040770 0.37778665 -0.06991137 -0.91979071 2.89610654 -1.58734350 -0.99718574 -1.15859381 1.10930963
-0.29526591 -1.07892776 0.89224130 0.29928720 0.30092055 0.72392853 -1.40303886 0.13212606 -0.48286808 -0.72648094
0.11108434 -0.47683331 0.15458740 0.60070326 -0.11395534 0.39149613 -1.52524005 -0.73008388 1.07770269 1.24937192
-0.59206097 1.92498967 0.81603923 1.61076114 -0.34832545 0.06896151 -1.15603219 -1.36960210 -0.60858619 0.99939819
-0.74927265 0.23127371 -0.69800822 -0.65839254 1.07939226 -0.26280966 -0.12187414 -0.37845441 0.14799734 1.36059665
